1111 x 1111111111111111111.

111. 1111111111. p 1111 1111. 1111111111.)
m

Μ

deti& 111111111111111 et 1111111111 Pietatis Ν111111111 111111

, , , μι111111111111111111111 Namfmdianie

1 ¹¹, 1111111111 11111111111111111 111 11111111 1111111111 V. ’1.’1113111.’“111’111, 11 frustra
1111111111 111111111111111111111111 11111111111111111111 emptum

, 1111111111ουί) manu 1111111111,11111111111 111111111111111111111 111111
urbis 11111111 1111111111) 1.(1 7. Aa& 1113. 111111,111 1111111311-
Ἡρ1111111111111111111111.) Equidem hoe 1111111 11)) 11111 1111111111 m nu 111 reepto
ex hoe ee 111111 (1111111111111 1111111111111111111111111111111 1111111,

1111111 111111111111111 1111 Ner 11111111 111 XVl. ssNt NunNetN 11

,1111111111 ’1111111111 1111111111),1)1 -· - -111111111111111 11111111111111111-

, 1111111111 111 11111111 1111111111 1111111111 Non 3111111 11111111111111111.
(1111111111) 1. 111. 1726. 4⁰.) p. ²⁸⁹T²⁹¹·

1111111111 111 1111111111 1111111 11· 1111111111 11111111.
ΙΙ«11 1111111111 111111111111111111111 1111 11111111 1111111111, 1111 ’11181111
11111111 1111111 111111 111 1111111111 1111111111111, 1111 1111111111, Ner·
11111 111111 1111. N. 11111 N 1111111111 1111111,’1111 NurN NN 131111
111111 11111 1111111111·111111111111111111111111111 1111111111 111111 11111
11111111111111111111111,1111111111 11111111 1111 1111111111) ¹-Me
1111111111. ,
1111111111 1111 11111111 111 11111 1111111111 11111 1111 Ner 11111111 1111111111
’ 1111111111 11111 111111 1111111 Nate 1111111111 11111111 1111111 1111 Non 111
11111111ίί1111 1111111111 111 1111111111 1111 11111111 Not 111111111111), 11111
1111111111 1111111 11111111 1111111111 1111111111 1111111111111111111111111111111
, 1111111 ,111 1111111111 111111 111111, 111 111111 1111111111 1111111111 111111.
Ι8111111111, MN 1111111111111111 1111111111111111111111111, 1111111111
111111111111111111111111 1111111111 N, 111 11111111 1111111111, 1111111111),
1111111(11111111111131111111111111111111111111111111111. 11111 1111111111· ²
11111111 111111 1111111111, 1111111111111111111111111111111111 11111111, 11111
1111111 1111111111 Nic 1111111111) 1111111111 11111111, 11111111111111111)
11111111, 1111111111 111111 1111111111 11111 1111111 NNNNN 1111181111 1111111111
. 11111, 11111111 1111111111 11111111111111111111,1111111111111111) 1
111111 11111111 11111111, 11111· 111111 NN 1111111 1111111 11111111, 11111111 1111 111)
111111111111111-1111 11111111 111111111111111111111 1111111111111111111 11111 Ner
1111111111 1111111 Nic 111111111111111,1111111111 1111111111 111111
Nu 111111 1111111111 NNN 111111111111, 111111113111111111111111 1
111111 111111 111111 11111111 1111111111 11111111 111111) 1111111111 ,
11”111111111111111111111111111111111111,1111,1111111’1111’111’1111
1111111111111 1111111 111111113111111111111111111111111111111111 ’
(1111111311 NNNN: 11111 1111111 1111111111 1111111111 111 1111 NLNNN, 11111
11111111111,111111111111111111111 3111111111, .. ·

 

