544 - 11111111.

11111111 1111 1111, 111 111 111 1111111 11 111 1111111111 1111111
11111111 111, 111111 1111111111, 111 11 111 1111, 11 1111 1111111111,
111111111111111111111, 11 11111111 11111 1111111111111111,1111 111111
1111111 11111111111111 111111111 1111111111111111111111,11111111111 11111
1111111111 11111111111111111111111111, 1111111111 1111111 1111 11111
11111111111111111111,11111111111111111111111111111111111,111
11111111111111111111111,111 111111 1111111), 111 11111111 111 111111
11 1111111 1111111 111111 1111 1111111 11111111, 1111111 1111 1111111111
1111111111 111111. 1. 1111 11111111111111, 111 111111 1111111111
11111 1111111, 11 1111111111 11111, 111 111111 111 111111111111 111111 11
111111,

&a 111 111 11111 11111, 111 1111 11111111 111 1111111 111111 1111111,
11111111 1111111111 1111 111111,

1111111 111111111 11111111 11111111, 111 111 11111111 1111111 111
111 1111, 111 11111 1111 111 1111 1111111 111111 11111 11111 1111 1111111111
1111, 111 11 1111 11111 1111 1111111, 11111111 11 1111 1111111, 111
1111111111 111 111111 1111 11111, 111 11111111 111 111111111111, 1111111111
1111111111 111 1111111111 1111, 1111111 11111 1111111, 11 1111111111 111111
1111 111 11111111111111, 111 1111 111 1111111111 111, 11111111111111111
1111111111, 1111111111 11111,111111111111111111111111, &fem Qu 1111
111 111111 1111 11 1111111 1111111 11111, 111111 1111111111 1111111
11111 1,11 11111111111111111111111111111111111111111111111111
1111 1111111,111 11 1111111111111 1111111111111,111111111111111
11111111 1111, 111111 11111111111111111 11111111111111111, (11 1111
111111111111111 1111111111, 1111 1111 111 11111111 1111111111 1111,
11111111111111111111111, 11. 11111111111111111 11111 1111111111 1111
1111 1111111 11111 11111111, ’111 111111111111111 11 111111111111111,
111 111111111111111111111 1547 1111111111. ›= , ·

m

558¹& No. 41485. (vol. VI. 11801.) 11111548.

*ovs-o ’ “ Μ

Τ1111111111111 Evandro 1111111.

Hoc testimonium p. 278. 11320. breviter quidem 1111111111εᾶ uon ipsi
verbis afferre 111111,111111)1 (1111111111, in quo legitur, 11111 nondum

Ι ffl-a—-u

Ι 1) i. e. 1111.Ι Ι

 

