1111 1111111111 nnnc 1111.

’ 11111111 111 111 11111111, 1111 1111111111 111 1111111, 111 1111111111111
, 1111111, 111 11111 11111111, 11111 1111 11111111 1111111, 1111111 1111111111,

111 1111 11111 1111111111 1111 11111111 1111, beno 1111 nco 1131111111
1111111, 11 11111 1131111111111111, 111 11111 111111 1111 11111, 11 11111
1111 1111111111, 111111 111 111111 1111111 11111 11111 1111 executio 1111111.

1111 1111 1111 111 11111111 1111 111 111111 1111 Boon Concilio 11111,
111 1111111111, 11 111111111111111111111111111, 111 Concilium 111111 1111111111,

Bon 1111111, 11 111 1111111111 111111 111 concilium, 11 111 111111
1111 111111 1111111111, 11 1111 non 1111 11111111, 111 11111111 111 1111111111,
1111111111111111(111111111111111111111, 11111 1111 111 [1111111111 Sc
1111111111111, 11111 111811111131111 11111 11111111, 11111 111111 111111,
11111111 11 1111111111111111111111, 11 1111 11111111, 111 1111 1111111-
11111111111111111111, 1111 111 1111 1111 111111111111111 811 1111111111,
111111111111111 11111 1111111, 111 1111 11111111 1111111111 111111, 111 ’
11111111 11111111111111111 1111 11111111111111 111 1111111111, 1111
11 1111 111111 111 1111111111 1111111, 1111 111 concilium 1111 1111111111,
Tnlpius 11111111 quoni non 1111111111 111 hospeS,

1111111,1111111 111111111111111111111111111111,111111111111 111111
1111111111111111111 111111 11111111 mco 1111 11 11111 111111 111111 111
111111, ,111 1111111111111111111111111111 11111111111 1111 1111 11111,
111 111111 Sc 1111111 1111 111111, 1111111 1111 11111111 111 1111111111
s 1111111 1111, 11111111 111 111111, 111 concilium 111111 1111 11111111,Ι
Ι · 111111 111 11111 11111111111111111111111,111111111,11111111
1111111111111111111111111111111111111 1111111111 111 1111111111,
1111111111111111111111.
¹ ’ 11111111, (11111111, (111111111111111111111111111111111111

11111111111111111111111111111111111111111111111111,1111111111
11111111 111, 11 11 1111181 1111111,111 1111111 111 111 1111111111
1111 11111. ”

1111 111 11111311 1111111111 111 11111111111111111111111111111
111111111 11111 111 . 2

111111,111111111111111111 1111111111 1111 1111111111111,

11111111111111111 1111 11111 1111111111111 1111111111,111 1111111111,
11111111111111111111111111111111111111111111111111111 1111

, 111111 1111111111 1111111,

8111111111, 11 1111111 1111111111111111111 111 1111 111 111 cognicio
111 1111111111 11111111,1111111 1111111111,Ι 111 1111111 cogni tio 1111111111
1111111,1111111111111111111111,1111111111111111111111111111,111111

111111111111111111111111111111,

111111 1111111111 1111111111 11111 1111 11111 11111111111111111111111
1111111111 111111111 11111111 1111111111111111 1111111 111111 111 81111111 ,1111

 

