111 summum 9999 9911.

999. no 9919· (999 99919991 . 99 991. ,
ww. Μ, .

11,· omissae 11991991999119111119919199. ¹

1999191991191991199191919919111999991119119191191,19999991919191999

1999911991191 9911911999191111199.891199919199199911991119,99919999 99999
, 9991911999.

mer 111991 1111919999 1191119 9911191919 1991911 1919199 199 Mer

1991 991 1919191999 19199999 1999119 19 61911991, 99919999 1919111999 1999199.

· 1199199 119991 1991 191999 91919199991193191999 11911999 9991999
1911991 991999191111999 1911191 19999,
(1119, 1911919999, 19111191919199,’ ·
(1991199199 9911999 991 1911111999 19119991, 191 11111119 19111911
1911 111 1911191111 191 9999911111 191199 1191999191191119919991119919911911,
1911999 11199919 19199 999919, 19919199199919911,191 1199 1191119991 199
11199 (191191311111191191319199 11191991 1199111 11 1119991911 1991911999,

919999119111191991111991911991991991911 911991, 19991999 99111, 9991 ’

91119199111191911999119111111191191199, 11119911 99991, 1919919919,
919191999119119999 61991, 199 1111991991 119919111119111111 119999,
1199911199.19919991111119191911991911999, 99919191 119199 119. 1919191
(1911911111(1911991111111111 19191, ’ ·

’1191199999 1199. (119199119199999, 19191919111119111191, 19191191,
1111111111, 19191 1191 9991 er 11199919 19999 1191111919 991911 9991919111 191119,19911111
91911 11191 191911, 191 311199 119119 ῧ1911 11, Magister 1119111911 99991 61911191
999 3999199199199, 9199 19111999111111,Ι 19199199 1199999, 99991 ’1911199 9991199

um 1919119119 1911991199 991199 19111,119999111999119199991919
919191911911199, 19911911111991911913191191119111991,1993199
, 1199111111 9199 999119 91111919 199 9991111199 (1919119911 1991111 1999191199,
9919111991191, 1991191,999119 (19· 1991111911111191 19919199, 911999
9911111999991911991 &teu mum ·· ’

111 9999991499·

’ ’11111 1119991999 ·· ’ ’ .
'   ’911991119119911119999
’ ““ Ρ111111119999111199991911199.

999 ηη9999999 (999999919991··,Ἢ·

Μ

19. Calvinus 91Μ91991919119999999 ..’

1199191199191999999919 199 19199999 1111991919 911199 99919 999199. Ed. 3. (1199999 ae

15111· 301 ,Ρ 31,.9991 91191. 2111 99991-91910199919 1919111119 99919 eid·
1999999 19991111911999199991 p..97- ’991 ’1991119999 9991199199 m 1991919199

19999199 9“991999 99 Le 119 99 91 John 091919999111191 from 1199 original 999999

191111199191991999919199911911991) 991 1191111111· 1991 1919111111191, 199·

 

