111111111111111 1111. 111

1111111111111111 1111 11111 1111 111111, 1111 11111111 111111, ’11111111
1111111 111 611 611111, 1111111111 11111111111111, 11111111 111 61111 11111,
1111111111 11111 11111, 111 111111 111 1111, 11111111111111111111.

&o 1111111 1111111111 111 11111111, 111 1111 111111· 11111111 11111111 ut*
1111111, 111 1111 11111, 111 1111 111111 1111111111 61111111, 11111111 11111
1111111111 111 1111111111, ’1111111111 111-1111111 11111111, 1111 1111111111
1111111111 111 1111111111, 1111 1111111 1111111111, 1111111 11111 61111111 11111111,
11111111 111111 11111111, 1111 11111111, 111111 61111111 311 111111 111111 111
1111111111, 111 1111111111 1111 1111111111 1111 11111 111 11111111.

11111 1111 1111 111 1111111111 1111111111, 111111 111 111111111 1111111111
111111 1116111111 11111111, 1111 1111 11111111, 1111 11111111 1111, 1111111
11111111 1111111111, 11 11111111 11111111, 11111, 1111111111.

61111111 1111111 11111111111111 11111 1111111 1111 1111111 11111111, 111
1111111111 11111 111 11111 1111 1111111, 1111 1111111 111 1111111111 111 611111 ’
11111, 111111 11111111 1111111111 111111, 1111 111 111111111111111. ’ ’

611 1111 1111111111 1111111111, 111 1111 11111111111111, 1111111111
11111111 11111111 ’11111111 1111111111 1111 1111 1111 11111,Ι 111 1111111111
1111111 111111 11111 1111111111 1111111111 1111111, 111111 111 111111 111111 111111
1111111111 1111,’11111111111111111111111 1111 11111 11111111 11111111, 111
11111111 11111111 111 1111111, 1111111111 111111 11111 111 1111111111 1111111111
1111111111 111 11111111 111111).

111111111111111111111111111 11111111 111 111 1111 11111 11111111 111
11111, 1111 1111 1111111111, 111 11111 1111111 111111111111111111111111111,
111 11111111 111 1111111111 111 1111111111 111111, 11111111 1111111111111111
11111111111111, 111111 11111 11,

vena 11111 11111111 111111 1116111111, Hune 1111111,1111111111111111

111 11111111, 1111111 11111 111 11111111, 111 111 1111111111, 11111111 11311111
1111111111,11161111111111111111111111111111111,11111111
1111 111 1111111111 11111111 111111 11111111 1,1 6111111111, 111111111111,
111111111111111111,61111111116111111Η1111111111. 1111811111
1111111 Euangelium praedieauerit, anathema 111 ’

611 11111 1111

ὓ111111111 11111111111111111111,1111111111111111111δ111111111
111111111111111,11111111111111111111111, 11111111111111 1111,11 &iem
1111131 11111111 111111111111111111111111111 11111 1111111 11111111.

..11111111

11111 1111111111111111 11111111 111 1111, 111 111 ,11111111 11111 1111111
11111, 111 ste 1111111111 1111111111 1111111111,

'Q———-.

1) 11111.] 11111111111111111 autographo 811111111111111111111.

 

